# irregularly connected to a9
a9 00
a9 01
a9 02
a9 03
a9 04
a9 05
a9 06
a9 07
a9 08
a9 09
a9 19
# irregularly connected to 00
00 a0
00 a1
00 a2
00 a3
00 a4
00 a5
00 10
# connected to 10
10 a5
10 a6
10 a7
10 a8
10 a9
# line 0 horizontal
00 01
01 02
02 03
03 04
04 05
05 06
06 07
07 08
08 09
# line 1 horizontal
11 12
12 13
13 14
14 15
15 16
16 17
17 18
18 19
# line 2 horizontal
22 23
23 24
24 25
25 26
26 27
27 28
28 29
# line 3 horizontal
33 34
34 35
35 36
36 37
37 38
38 39
# line 4 horizontal
44 45
45 46
46 47
47 48
48 49
# line 5 horizontal
55 56
56 57
57 58
58 59
# line 6 horizontal
66 67
67 68
68 69
# line 7 horizontal
77 78
78 79
# line 8 horizontal
88 89
# line 9 horizontal
# line 2 horizontal
20 21
# line 3 horizontal
30 31
31 32
# line 4 horizontal
40 41
41 42
42 43
# line 5 horizontal
50 51
51 52
52 53
53 54
# line 6 horizontal
60 61
61 62
62 63
63 64
64 65
# line 7 horizontal
70 71
71 72
72 73
73 74
74 75
75 76
# line 8 horizontal
80 81
81 82
82 83
83 84
84 85
85 86
86 87
# line 9 horizontal
90 91
91 92
92 93
93 94
94 95
95 96
96 97
97 98
# line 10 horizontal
a0 a1
a1 a2
a2 a3
a3 a4
a4 a5
a5 a6
a6 a7
a7 a8
a8 a9
# line 1 down
00 11
01 11
01 12
02 12
02 13
03 13
03 14
04 14
04 15
05 15
05 16
06 16
06 17
07 17
07 18
08 18
08 19
09 19
# line 2 down
11 22
12 22
12 23
13 23
13 24
14 24
14 25
15 25
15 26
16 26
16 27
17 27
17 28
18 28
18 29
19 29
# line 3 down
22 33
23 33
23 34
24 34
24 35
25 35
25 36
26 36
26 37
27 37
27 38
28 38
28 39
29 39
# line 4 down
33 44
34 44
34 45
35 45
35 46
36 46
36 47
37 47
37 48
38 48
38 49
39 49
# line 5 down
44 55
45 55
45 56
46 56
46 57
47 57
47 58
48 58
48 59
49 59
# line 6 down
55 66
56 66
56 67
57 67
57 68
58 68
58 69
59 69
# line 7 down
66 77
67 77
67 78
68 78
68 79
69 79
# line 8 down
77 88
78 88
78 89
79 89
# line 9 down
88 99
89 99
# line 2 up
30 20
31 20
31 21
32 21
# line 3 up
40 30
41 30
41 31
42 31
42 32
43 32
# line 4 up
50 40
51 40
51 41
52 41
52 42
53 42
53 43
54 43
# line 5 up
60 50
61 50
61 51
62 51
62 52
63 52
63 53
64 53
64 54
65 54
# line 6 up
70 60
71 60
71 61
72 61
72 62
73 62
73 63
74 63
74 64
75 64
75 65
76 65
# line 7 up
80 70
81 70
81 71
82 71
82 72
83 72
83 73
84 73
84 74
85 74
85 75
86 75
86 76
87 76
# line 8 up
90 80
91 80
91 81
92 81
92 82
93 82
93 83
94 83
94 84
95 84
95 85
96 85
96 86
97 86
97 87
98 87
# line 9 up
a0 90
a1 90
a1 91
a2 91
a2 92
a3 92
a3 93
a4 93
a4 94
a5 94
a5 95
a6 95
a6 96
a7 96
a7 97
a8 97
a8 98
a9 98
00 a0
11 a0
11 90
22 90
22 80
33 80
33 70
44 70
44 60
55 60
55 50
66 50
66 40
77 40
77 30
88 30
88 20
88 99
89 99
99 20
99 21
89 21
89 32
79 32
79 43
69 43
69 54
59 54
59 65
49 65
49 76
39 76
39 87
29 87
29 98
19 98
19 a9
09 a9
